spawns:
  group:
    default:
      world: 81f2b321-860a-4889-ac33-f8c8c8b3708a
      world-name: world
      x: 125.5
      y: 63.0
      z: -30.5
      yaw: 0.0
      pitch: 0.0
    spawnwioskaspawnu:
      world: 81f2b321-860a-4889-ac33-f8c8c8b3708a
      world-name: world
      x: 120.35455411164797
      y: 63.0
      z: -23.288971719059823
      yaw: -144.18727111816406
      pitch: -0.46952739357948303
