world: 81f2b321-860a-4889-ac33-f8c8c8b3708a
world-name: world
x: 239.43855131742052
y: 67.0
z: 665.3691823044139
yaw: -75.8851089477539
pitch: 4.807328224182129
name: KamienneWybrzeze
lastowner: e16ef476-d0cc-4ead-866a-1226480a0a2f
