world: 81f2b321-860a-4889-ac33-f8c8c8b3708a
world-name: world
x: 2524.3183343459614
y: 64.0
z: 1642.37729964573
yaw: -145.34957885742188
pitch: -4.205131530761719
name: MiastoWolnosci
lastowner: e16ef476-d0cc-4ead-866a-1226480a0a2f
