world: 81f2b321-860a-4889-ac33-f8c8c8b3708a
world-name: world
x: 116.8130675185959
y: 63.0
z: -28.895684498707446
yaw: -64.21570587158203
pitch: 2.012645959854126
name: WioskaSpawnu
lastowner: e16ef476-d0cc-4ead-866a-1226480a0a2f
