world: 81f2b321-860a-4889-ac33-f8c8c8b3708a
world-name: world
x: -507.6177529078144
y: 64.0
z: -93.25003716139257
yaw: 40.05987548828125
pitch: -4.304614543914795
name: ZaschlaOsada
lastowner: e16ef476-d0cc-4ead-866a-1226480a0a2f
