world: 81f2b321-860a-4889-ac33-f8c8c8b3708a
world-name: world
x: -647.8441438508413
y: 67.0
z: 402.1495129981928
yaw: 147.97506713867188
pitch: -2.147057056427002
name: ZlotaOsada
lastowner: e16ef476-d0cc-4ead-866a-1226480a0a2f
